   1.6175270e+06   7.5370080e+06   3.5671300e+01
   1.6174340e+06   7.5371130e+06   3.4742000e+01
   1.6174200e+06   7.5369130e+06   3.9898800e+01
   1.6173130e+06   7.5368220e+06   3.1898300e+01
   1.6173270e+06   7.5370230e+06   3.4645500e+01
   1.6173410e+06   7.5372220e+06             NaN
   1.6172340e+06   7.5371270e+06   3.7441000e+01
   1.6172200e+06   7.5369290e+06   2.7570900e+01
   1.6172060e+06   7.5367270e+06   3.0319900e+01
   1.6171130e+06   7.5368360e+06   2.9573600e+01
   1.6171270e+06   7.5370370e+06   3.1160500e+01
   1.6171350e+06   7.5371350e+06   3.2731700e+01
   1.6170420e+06   7.5372410e+06   3.3505100e+01
   1.6170350e+06   7.5371430e+06   2.9035900e+01
   1.6170210e+06   7.5369420e+06   3.7348400e+01
   1.6170070e+06   7.5367430e+06   4.6185400e+01
   1.6169070e+06   7.5367500e+06   5.0095900e+01
   1.6169210e+06   7.5369490e+06   2.9605800e+01
   1.6169280e+06   7.5370500e+06   2.1655800e+01
   1.6169420e+06   7.5372490e+06   2.3846100e+01
   1.6168070e+06   7.5367570e+06   3.7469400e+01
   1.6168210e+06   7.5369570e+06   2.4647800e+01
   1.6168350e+06   7.5371560e+06   1.9101100e+01
   1.6168490e+06   7.5373560e+06   3.2303000e+01
   1.6167420e+06   7.5372640e+06   2.6267100e+01
   1.6167280e+06   7.5370640e+06   2.5777100e+01
   1.6167140e+06   7.5368640e+06   1.5714000e+01
   1.6167000e+06   7.5366640e+06   1.7832700e+01
   1.6166080e+06   7.5367720e+06   2.5788200e+01
   1.6166220e+06   7.5369700e+06   3.3871800e+01
   1.6166360e+06   7.5371710e+06   2.4019000e+01
   1.6166430e+06   7.5372700e+06   2.3463800e+01
   1.6165430e+06   7.5372770e+06   1.4348700e+01
   1.6165290e+06   7.5370780e+06   3.6226500e+01
   1.6165150e+06   7.5368780e+06   3.2594900e+01
   1.6165010e+06   7.5366780e+06   4.3036500e+01
   1.6164080e+06   7.5367850e+06   2.7239800e+01
   1.6164220e+06   7.5369860e+06   4.2234200e+01
   1.6164360e+06   7.5371850e+06   3.6585800e+01
   1.6164500e+06   7.5373830e+06   2.7284800e+01
   1.6163430e+06   7.5372920e+06   3.7813800e+01
   1.6163290e+06   7.5370900e+06   3.7242700e+01
   1.6163150e+06   7.5368920e+06   3.6833700e+01
   1.6163010e+06   7.5366930e+06   2.9732200e+01
   1.6161940e+06   7.5366000e+06   3.6988600e+01
   1.6162080e+06   7.5368000e+06   2.8676300e+01
   1.6162230e+06   7.5369990e+06   3.4150000e+01
   1.6162370e+06   7.5371990e+06   4.6773800e+01
   1.6162510e+06   7.5373980e+06   2.3745400e+01
   1.6161440e+06   7.5373060e+06   2.2212800e+01
   1.6161300e+06   7.5371050e+06   4.1946700e+01
   1.6161160e+06   7.5369070e+06   3.2954100e+01
   1.6161020e+06   7.5367070e+06   2.6043100e+01
   1.6159950e+06   7.5366140e+06   6.0623400e+01
   1.6160090e+06   7.5368140e+06   1.9497200e+01
   1.6160230e+06   7.5370120e+06   3.4157600e+01
   1.6160370e+06   7.5372130e+06   3.9036800e+01
   1.6159300e+06   7.5371190e+06   3.0992800e+01
   1.6159160e+06   7.5369200e+06   2.9236900e+01
   1.6159090e+06   7.5368210e+06   2.8852700e+01
   1.6159020e+06   7.5367210e+06   3.8084700e+01
   1.6158090e+06   7.5368280e+06   2.9477400e+01
   1.6158230e+06   7.5370270e+06   2.0920200e+01
   1.6158300e+06   7.5371270e+06   1.8482300e+01
